1 10 0.84200871662 0.00069207633
1 20 0.84252781708 0.00017297587
1 40 0.84265755168 0.00004324127
1 80 0.84268998280 0.00001081015
1 160 0.84269809042 0.00000270253
1 320 0.84270011732 0.00000067563
1 640 0.84270062404 0.00000016891
1 1280 0.84270075072 0.00000004223
1 2560 0.84270078239 0.00000001056
1 5120 0.84270079031 0.00000000264
1 10240 0.84270079229 0.00000000066
1 20480 0.84270079278 0.00000000017
1 40960 0.84270079291 0.00000000004
1 81920 0.84270079294 0.00000000001
1 163840 0.84270079295 0.00000000000
2 10 0.84270171308 0.00000092013
2 20 0.84270085057 0.00000005762
2 40 0.84270079655 0.00000000360
2 80 0.84270079317 0.00000000022
2 160 0.84270079296 0.00000000001
2 320 0.84270079295 0.00000000000
2 640 0.84270079295 0.00000000000
2 1280 0.84270079295 0.00000000000
2 2560 0.84270079295 0.00000000000
2 5120 0.84270079295 0.00000000000
2 10240 0.84270079295 0.00000000000
2 20480 0.84270079295 0.00000000000
2 40960 0.84270079295 0.00000000000
2 81920 0.84270079295 0.00000000000
2 163840 0.84270079295 0.00000000000
